   1 M U   0.723  0.268  0.009
   2 D H   0.414  0.523  0.063
   3 E H   0.154  0.762  0.084
   4 F H   0.063  0.890  0.046
   5 E H   0.089  0.887  0.024
   6 M H   0.077  0.894  0.029
   7 I H   0.067  0.901  0.033
   8 K H   0.078  0.842  0.080
   9 R H   0.222  0.758  0.020
  10 N H   0.608  0.382  0.010
  11 T H   0.381  0.540  0.079
  12 S H   0.399  0.488  0.114
  13 E H   0.322  0.484  0.194
  14 I U   0.432  0.219  0.349
  15 I U   0.506  0.060  0.434
  16 S U   0.730  0.139  0.132
  17 E H   0.243  0.701  0.056
  18 E H   0.033  0.962  0.005
  19 E H   0.047  0.942  0.010
  20 L H   0.051  0.938  0.011
  21 R H   0.010  0.987  0.002
  22 E H   0.033  0.956  0.011
  23 V H   0.058  0.919  0.023
  24 L H   0.122  0.858  0.020
  25 K H   0.223  0.756  0.021
  26 K U   0.542  0.452  0.007
  27 D U   0.832  0.103  0.065
  28 E U   0.698  0.021  0.281
  29 K U   0.617  0.070  0.313
  30 S S   0.317  0.006  0.677
  31 A S   0.045  0.007  0.948
  32 Y S   0.150  0.080  0.770
  33 I S   0.054  0.009  0.937
  34 G S   0.407  0.012  0.581
  35 F S   0.297  0.016  0.687
  36 E U   0.505  0.028  0.467
  37 P U   0.665  0.084  0.251
  38 S U   0.738  0.128  0.134
  39 G U   0.852  0.103  0.045
  40 K H   0.399  0.544  0.057
  41 I H   0.306  0.590  0.104
  42 H H   0.563  0.333  0.104
  43 L H   0.351  0.605  0.044
  44 G H   0.329  0.578  0.093
  45 H H   0.107  0.859  0.033
  46 Y H   0.029  0.947  0.024
  47 L H   0.037  0.945  0.018
  48 Q H   0.049  0.939  0.012
  49 I H   0.018  0.973  0.009
  50 K H   0.036  0.943  0.021
  51 K H   0.062  0.914  0.025
  52 M H   0.023  0.972  0.005
  53 I H   0.028  0.965  0.007
  54 D H   0.078  0.900  0.022
  55 L H   0.072  0.850  0.078
  56 Q H   0.149  0.791  0.060
  57 N H   0.209  0.750  0.041
  58 A H   0.436  0.488  0.076
  59 G U   0.862  0.074  0.064
  60 F U   0.397  0.180  0.424
  61 D U   0.546  0.025  0.429
  62 I S   0.086  0.064  0.851
  63 I S   0.099  0.131  0.770
  64 I S   0.058  0.143  0.799
  65 L S   0.059  0.285  0.656
  66 L S   0.040  0.581  0.379
  67 A S   0.185  0.396  0.420
  68 D H   0.355  0.590  0.055
  69 L H   0.140  0.841  0.020
  70 H H   0.142  0.701  0.157
  71 A H   0.162  0.774  0.064
  72 Y H   0.328  0.618  0.054
  73 L U   0.533  0.373  0.094
  74 N U   0.571  0.311  0.118
  75 Q U   0.694  0.200  0.106
  76 K U   0.703  0.212  0.084
  77 G U   0.788  0.104  0.108
  78 E U   0.820  0.096  0.084
  79 L U   0.474  0.505  0.021
  80 D U   0.661  0.276  0.064
  81 E H   0.389  0.585  0.026
  82 I H   0.258  0.716  0.026
  83 R H   0.181  0.784  0.036
  84 K H   0.246  0.726  0.028
  85 I H   0.137  0.848  0.015
  86 G H   0.062  0.922  0.016
  87 D H   0.057  0.927  0.016
  88 Y H   0.041  0.945  0.014
  89 N H   0.009  0.987  0.004
  90 K H   0.010  0.981  0.009
  91 K H   0.019  0.967  0.014
  92 V H   0.054  0.899  0.047
  93 F H   0.088  0.875  0.037
  94 E H   0.089  0.884  0.026
  95 A H   0.507  0.452  0.041
  96 M H   0.411  0.541  0.048
  97 G U   0.688  0.265  0.047
  98 L U   0.642  0.200  0.158
  99 K U   0.682  0.108  0.210
 100 A S   0.360  0.173  0.467
 101 K S   0.328  0.147  0.525
 102 Y S   0.225  0.172  0.603
 103 V S   0.270  0.112  0.618
 104 Y S   0.228  0.173  0.599
 105 G U   0.587  0.168  0.245
 106 S U   0.693  0.164  0.143
 107 E H   0.398  0.543  0.059
 108 F H   0.231  0.698  0.071
 109 Q H   0.096  0.881  0.023
 110 L H   0.202  0.789  0.009
 111 D H   0.423  0.525  0.052
 112 K H   0.240  0.702  0.059
 113 D H   0.249  0.691  0.061
 114 Y H   0.233  0.721  0.046
 115 T H   0.112  0.866  0.022
 116 L H   0.034  0.957  0.009
 117 N H   0.105  0.878  0.017
 118 V H   0.160  0.812  0.029
 119 Y H   0.214  0.737  0.049
 120 R H   0.209  0.756  0.035
 121 L H   0.274  0.654  0.071
 122 A H   0.281  0.474  0.245
 123 L S   0.318  0.279  0.403
 124 K S   0.339  0.316  0.345
 125 T S   0.445  0.227  0.328
 126 T S   0.344  0.270  0.386
 127 L U   0.352  0.473  0.175
 128 K U   0.496  0.303  0.201
 129 R U   0.476  0.348  0.175
 130 A U   0.459  0.411  0.130
 131 R U   0.396  0.495  0.110
 132 R U   0.478  0.443  0.078
 133 S H   0.344  0.592  0.064
 134 M H   0.411  0.464  0.124
 135 E H   0.289  0.645  0.066
 136 L H   0.181  0.777  0.042
 137 I H   0.251  0.646  0.103
 138 A H   0.324  0.564  0.112
 139 R U   0.571  0.273  0.156
 140 E U   0.581  0.261  0.158
 141 D U   0.793  0.126  0.081
 142 E U   0.632  0.231  0.137
 143 N U   0.744  0.153  0.102
 144 P U   0.548  0.276  0.175
 145 K U   0.560  0.294  0.146
 146 V U   0.418  0.358  0.224
 147 A U   0.528  0.257  0.215
 148 E H   0.234  0.499  0.267
 149 V H   0.222  0.607  0.170
 150 I H   0.240  0.578  0.182
 151 Y H   0.421  0.412  0.167
 152 P H   0.237  0.642  0.121
 153 I H   0.320  0.626  0.054
 154 M H   0.390  0.443  0.167
 155 Q H   0.487  0.439  0.074
 156 V H   0.309  0.612  0.079
 157 N U   0.472  0.447  0.081
 158 D U   0.578  0.348  0.075
 159 I U   0.499  0.464  0.037
 160 H H   0.298  0.606  0.096
 161 Y H   0.293  0.631  0.076
 162 L H   0.298  0.594  0.108
 163 G U   0.575  0.338  0.087
 164 V U   0.684  0.157  0.159
 165 D U   0.591  0.224  0.186
 166 V U   0.487  0.272  0.241
 167 A U   0.454  0.240  0.307
 168 V U   0.503  0.247  0.251
 169 G U   0.659  0.164  0.177
 170 G U   0.707  0.082  0.211
 171 M U   0.584  0.318  0.098
 172 E U   0.687  0.190  0.123
 173 Q H   0.388  0.552  0.061
 174 R H   0.238  0.696  0.066
 175 K H   0.209  0.734  0.057
 176 I H   0.246  0.701  0.053
 177 H H   0.026  0.912  0.062
 178 M H   0.025  0.918  0.057
 179 L H   0.049  0.903  0.048
 180 A H   0.120  0.780  0.101
 181 R H   0.098  0.677  0.225
 182 E H   0.121  0.782  0.096
 183 L H   0.246  0.710  0.043
 184 L H   0.278  0.671  0.051
 185 P H   0.296  0.669  0.035
 186 K H   0.420  0.505  0.075
 187 K H   0.367  0.537  0.097
 188 V H   0.370  0.527  0.104
 189 V H   0.303  0.553  0.144
 190 C H   0.406  0.442  0.152
 191 I U   0.628  0.212  0.161
 192 H U   0.599  0.156  0.245
 193 N U   0.822  0.062  0.116
 194 P U   0.833  0.075  0.092
 195 V U   0.831  0.075  0.094
 196 L U   0.826  0.077  0.097
 197 T U   0.722  0.136  0.142
 198 G U   0.820  0.077  0.103
 199 L U   0.791  0.099  0.110
 200 D U   0.868  0.055  0.076
 201 G U   0.828  0.078  0.094
 202 E U   0.817  0.082  0.101
 203 G U   0.913  0.044  0.044
 204 N U   0.765  0.079  0.156
 205 F U   0.781  0.063  0.156
 206 I U   0.780  0.082  0.138
 207 A U   0.846  0.035  0.119
 208 V U   0.808  0.080  0.112
 209 D U   0.757  0.077  0.166
 210 D U   0.796  0.099  0.105
 211 S U   0.847  0.089  0.064
 212 P H   0.323  0.641  0.036
 213 E H   0.088  0.896  0.017
 214 E H   0.149  0.767  0.084
 215 I H   0.082  0.896  0.022
 216 R H   0.030  0.942  0.028
 217 A H   0.072  0.907  0.020
 218 K H   0.091  0.875  0.034
 219 I H   0.058  0.901  0.041
 220 K H   0.141  0.796  0.063
 221 K H   0.182  0.617  0.201
 222 A H   0.214  0.415  0.371
 223 Y U   0.252  0.345  0.403
 224 C U   0.481  0.224  0.295
 225 P U   0.583  0.160  0.257
 226 A U   0.739  0.145  0.115
 227 G U   0.853  0.066  0.081
 228 V U   0.673  0.124  0.203
 229 V U   0.573  0.224  0.203
 230 E U   0.674  0.091  0.235
 231 G U   0.868  0.057  0.075
 232 N U   0.790  0.099  0.112
 233 P U   0.852  0.066  0.082
 234 I U   0.551  0.175  0.274
 235 M H   0.182  0.576  0.243
 236 E H   0.243  0.332  0.425
 237 I H   0.025  0.885  0.090
 238 A H   0.064  0.823  0.113
 239 K H   0.072  0.770  0.158
 240 Y H   0.142  0.747  0.110
 241 F H   0.342  0.544  0.114
 242 L U   0.474  0.388  0.138
 243 E U   0.577  0.299  0.125
 244 Y U   0.702  0.151  0.147
 245 P U   0.650  0.171  0.178
 246 L U   0.666  0.215  0.119
 247 T U   0.684  0.216  0.100
 248 I U   0.582  0.299  0.118
 249 K U   0.558  0.273  0.169
 250 R U   0.622  0.229  0.149
 251 P H   0.364  0.445  0.191
 252 E H   0.328  0.501  0.171
 253 K H   0.232  0.704  0.065
 254 F U   0.462  0.427  0.110
 255 G U   0.726  0.192  0.083
 256 G U   0.831  0.081  0.088
 257 D U   0.797  0.094  0.108
 258 L U   0.774  0.112  0.114
 259 T U   0.825  0.105  0.070
 260 V U   0.434  0.528  0.039
 261 N U   0.675  0.242  0.082
 262 S H   0.303  0.654  0.043
 263 Y H   0.056  0.929  0.015
 264 E H   0.037  0.957  0.006
 265 E H   0.033  0.960  0.007
 266 L H   0.025  0.968  0.007
 267 E H   0.016  0.979  0.005
 268 S H   0.043  0.941  0.017
 269 L H   0.065  0.911  0.024
 270 F H   0.080  0.892  0.028
 271 K H   0.193  0.779  0.027
 272 N H   0.260  0.710  0.030
 273 K U   0.638  0.321  0.041
 274 E U   0.671  0.227  0.102
 275 L U   0.714  0.175  0.111
 276 H U   0.774  0.104  0.123
 277 P H   0.399  0.579  0.021
 278 M H   0.135  0.835  0.030
 279 D H   0.120  0.842  0.038
 280 L H   0.039  0.941  0.019
 281 K H   0.029  0.962  0.008
 282 N H   0.025  0.966  0.009
 283 A H   0.070  0.906  0.024
 284 V H   0.027  0.968  0.005
 285 A H   0.015  0.979  0.006
 286 E H   0.015  0.972  0.013
 287 E H   0.065  0.909  0.027
 288 L H   0.046  0.920  0.034
 289 I H   0.008  0.989  0.003
 290 K H   0.051  0.899  0.049
 291 I H   0.063  0.909  0.028
 292 L H   0.121  0.860  0.019
 293 E H   0.223  0.759  0.019
 294 P H   0.113  0.873  0.014
 295 I H   0.299  0.691  0.010
 296 R H   0.401  0.593  0.006
 297 K H   0.405  0.587  0.008
 298 R U   0.556  0.431  0.013
 299 L U   0.745  0.202  0.053
