# TARGET 75570
# Using neural net overrep-3617-IDaa13-7-10-11-10-11-7-7-ebghtl-seeded3-stride-trained.net
# This is a 4-layer network, with 
#	window	units
#	    7	   10
#	   11	   10
#	   11	    7
#	    7	    6 (1 EBGHTL )
# The input amino acid frequencies were determined from
# alignment /work/robetta/SERVER_FRAGMENT_PICKER/jobs/75570/1j1uA.uniqueseq.a2m
# with weighted counts, using EntropyWeight(1.4 bits/column, 10)
# The weighting was determined by the posterior distribution
# after regularizing with recode3.20comp.
# Counts were regularized to probabilities using
# recode3.20comp
# Total sequence weight for alignment was 56.5877
#
Pos	AA	E	H	L
10N	1S	5N	5N	5N
       0	M	   0.014	   0.054	   0.931
       1	D	   0.063	   0.116	   0.822
       2	E	   0.116	   0.223	   0.661
       3	F	   0.158	   0.351	   0.491
       4	E	   0.176	   0.557	   0.267
       5	M	   0.263	   0.558	   0.178
       6	I	   0.291	   0.537	   0.172
       7	K	   0.222	   0.478	   0.301
       8	R	   0.122	   0.416	   0.462
       9	N	   0.065	   0.352	   0.583
      10	T	    0.12	   0.264	   0.616
      11	S	   0.264	    0.23	   0.506
      12	E	   0.389	   0.232	   0.379
      13	I	   0.367	   0.184	   0.449
      14	I	   0.172	   0.081	   0.746
      15	S	   0.027	   0.042	   0.931
      16	E	   0.004	   0.933	   0.064
      17	E	   0.003	   0.972	   0.026
      18	E	   0.002	   0.983	   0.016
      19	L	   0.002	    0.98	   0.018
      20	R	   0.002	   0.983	   0.016
      21	E	   0.002	   0.971	   0.028
      22	V	   0.003	   0.964	   0.034
      23	L	   0.004	   0.904	   0.093
      24	K	   0.005	   0.788	   0.206
      25	K	   0.009	   0.449	   0.542
      26	D	   0.011	   0.078	   0.912
      27	E	   0.012	    0.01	   0.978
      28	K	    0.13	   0.012	   0.858
      29	S	   0.751	   0.011	   0.238
      30	A	   0.915	   0.006	    0.08
      31	Y	   0.943	   0.005	   0.051
      32	I	   0.897	   0.007	   0.096
      33	G	   0.785	   0.006	   0.208
      34	F	   0.627	   0.011	   0.362
      35	E	   0.368	   0.017	   0.616
      36	P	   0.188	   0.035	   0.777
      37	S	   0.128	   0.035	   0.837
      38	G	   0.053	   0.011	   0.936
      39	K	   0.126	   0.013	   0.862
      40	I	   0.278	   0.022	   0.699
      41	H	   0.492	   0.034	   0.474
      42	L	   0.535	   0.104	   0.362
      43	G	   0.324	   0.247	   0.428
      44	H	   0.288	   0.241	   0.471
      45	Y	   0.281	   0.226	   0.493
      46	L	   0.289	   0.143	   0.568
      47	Q	   0.138	   0.369	   0.493
      48	I	   0.009	   0.961	    0.03
      49	K	   0.008	   0.959	   0.033
      50	K	   0.003	   0.982	   0.015
      51	M	   0.002	   0.992	   0.008
      52	I	   0.002	   0.993	   0.006
      53	D	   0.002	    0.99	   0.009
      54	L	   0.002	   0.987	   0.012
      55	Q	   0.002	   0.983	   0.016
      56	N	   0.002	   0.966	   0.033
      57	A	   0.005	   0.777	   0.218
      58	G	   0.003	   0.007	   0.991
      59	F	    0.17	   0.014	   0.815
      60	D	   0.721	   0.008	   0.272
      61	I	   0.962	   0.004	   0.035
      62	I	   0.989	   0.003	   0.008
      63	I	   0.989	   0.004	   0.007
      64	L	   0.982	   0.006	   0.013
      65	L	   0.945	   0.015	   0.041
      66	A	   0.728	   0.041	   0.231
      67	D	   0.421	   0.124	   0.456
      68	L	    0.37	   0.277	   0.351
      69	H	   0.405	   0.295	     0.3
      70	A	   0.381	    0.38	   0.239
      71	Y	   0.351	   0.412	   0.237
      72	L	   0.258	   0.416	   0.327
      73	N	   0.084	   0.238	   0.678
      74	Q	   0.042	   0.157	   0.801
      75	K	   0.047	   0.078	   0.876
      76	G	   0.065	   0.034	     0.9
      77	E	    0.02	   0.035	   0.945
      78	L	   0.003	   0.943	   0.053
      79	D	   0.003	   0.974	   0.024
      80	E	   0.002	   0.989	    0.01
      81	I	   0.002	   0.988	    0.01
      82	R	   0.002	   0.992	   0.007
      83	K	   0.002	   0.993	   0.007
      84	I	   0.002	   0.994	   0.006
      85	G	   0.002	   0.994	   0.006
      86	D	   0.002	   0.995	   0.005
      87	Y	   0.002	   0.995	   0.005
      88	N	   0.002	   0.995	   0.005
      89	K	   0.002	   0.996	   0.004
      90	K	   0.002	   0.996	   0.003
      91	V	   0.002	   0.993	   0.006
      92	F	   0.004	   0.984	   0.013
      93	E	   0.006	   0.968	   0.025
      94	A	   0.006	   0.963	   0.031
      95	M	    0.01	   0.912	   0.079
      96	G	   0.014	   0.517	   0.469
      97	L	   0.014	   0.047	   0.937
      98	K	   0.092	   0.072	   0.836
      99	A	   0.294	   0.026	    0.68
     100	K	   0.881	   0.016	   0.103
     101	Y	   0.934	   0.011	   0.054
     102	V	   0.927	   0.012	   0.062
     103	Y	   0.758	   0.017	   0.226
     104	G	   0.337	   0.026	   0.638
     105	S	   0.152	   0.104	   0.744
     106	E	   0.128	   0.216	   0.656
     107	F	   0.133	   0.243	   0.624
     108	Q	   0.141	   0.155	   0.705
     109	L	   0.112	   0.089	     0.8
     110	D	   0.048	   0.231	   0.721
     111	K	   0.021	   0.479	   0.501
     112	D	   0.034	   0.523	   0.442
     113	Y	   0.089	   0.613	   0.298
     114	T	   0.049	   0.822	    0.13
     115	L	    0.04	   0.877	   0.082
     116	N	   0.031	   0.904	   0.066
     117	V	   0.014	   0.952	   0.034
     118	Y	   0.013	   0.944	   0.043
     119	R	   0.018	    0.93	   0.052
     120	L	   0.017	   0.925	   0.059
     121	A	   0.014	   0.875	   0.111
     122	L	   0.019	   0.766	   0.216
     123	K	   0.021	   0.611	   0.369
     124	T	   0.033	   0.193	   0.774
     125	T	   0.022	   0.155	   0.823
     126	L	   0.002	   0.976	   0.023
     127	K	   0.002	   0.984	   0.015
     128	R	   0.002	   0.989	    0.01
     129	A	   0.002	   0.979	   0.018
     130	R	   0.003	   0.974	   0.024
     131	R	   0.003	   0.967	   0.029
     132	S	   0.005	   0.926	   0.069
     133	M	   0.012	   0.767	   0.221
     134	E	   0.029	   0.701	   0.271
     135	L	   0.047	   0.632	   0.321
     136	I	   0.096	     0.5	   0.404
     137	A	   0.107	   0.271	   0.624
     138	R	   0.122	   0.206	   0.673
     139	E	   0.106	    0.21	   0.684
     140	D	   0.062	   0.197	   0.741
     141	E	   0.038	   0.134	   0.829
     142	N	   0.033	   0.107	    0.86
     143	P	   0.047	   0.236	   0.718
     144	K	    0.05	   0.288	   0.662
     145	V	   0.034	   0.684	   0.282
     146	A	   0.026	   0.757	   0.217
     147	E	   0.022	   0.786	   0.192
     148	V	   0.036	   0.767	   0.197
     149	I	   0.035	   0.787	   0.177
     150	Y	   0.022	   0.786	   0.192
     151	P	   0.012	    0.85	   0.138
     152	I	   0.024	   0.818	   0.157
     153	M	   0.051	    0.78	   0.169
     154	Q	   0.047	   0.796	   0.157
     155	V	   0.078	   0.704	   0.219
     156	N	    0.05	   0.719	   0.231
     157	D	    0.08	   0.521	   0.398
     158	I	   0.121	   0.663	   0.216
     159	H	   0.125	     0.7	   0.175
     160	Y	   0.098	   0.752	    0.15
     161	L	   0.089	   0.526	   0.385
     162	G	   0.094	   0.295	   0.611
     163	V	   0.246	   0.229	   0.524
     164	D	   0.437	   0.159	   0.404
     165	V	   0.615	   0.174	    0.21
     166	A	   0.593	   0.235	   0.173
     167	V	   0.377	   0.354	   0.269
     168	G	   0.144	   0.352	   0.503
     169	G	    0.05	   0.282	   0.668
     170	M	    0.03	   0.693	   0.276
     171	E	    0.02	   0.764	   0.217
     172	Q	   0.004	   0.942	   0.054
     173	R	   0.003	   0.961	   0.035
     174	K	   0.003	   0.981	   0.017
     175	I	   0.002	    0.99	   0.008
     176	H	   0.004	   0.984	   0.012
     177	M	   0.003	   0.988	   0.009
     178	L	   0.004	   0.982	   0.013
     179	A	   0.004	   0.981	   0.016
     180	R	   0.004	   0.974	   0.022
     181	E	   0.007	   0.948	   0.046
     182	L	   0.013	   0.829	   0.159
     183	L	   0.015	   0.324	    0.66
     184	P	   0.016	    0.18	   0.804
     185	K	   0.024	   0.074	   0.903
     186	K	    0.05	   0.017	   0.933
     187	V	   0.181	    0.01	   0.809
     188	V	   0.702	   0.012	   0.286
     189	C	   0.892	   0.014	   0.095
     190	I	    0.91	   0.016	   0.074
     191	H	   0.768	    0.03	   0.203
     192	N	   0.318	   0.104	   0.577
     193	P	    0.11	    0.12	   0.769
     194	V	   0.081	   0.207	   0.712
     195	L	   0.077	   0.214	   0.709
     196	T	   0.053	   0.304	   0.643
     197	G	   0.045	   0.276	   0.679
     198	L	   0.062	   0.148	    0.79
     199	D	   0.063	   0.039	   0.899
     200	G	   0.063	   0.064	   0.873
     201	E	   0.022	   0.122	   0.856
     202	G	   0.025	   0.164	   0.811
     203	N	   0.112	   0.134	   0.753
     204	F	   0.207	   0.045	    0.75
     205	I	    0.52	   0.032	   0.448
     206	A	   0.521	   0.036	   0.442
     207	V	   0.246	   0.042	   0.711
     208	D	    0.13	   0.041	   0.829
     209	D	   0.081	   0.027	   0.893
     210	S	   0.013	   0.029	   0.957
     211	P	   0.002	   0.923	   0.074
     212	E	   0.002	   0.977	   0.021
     213	E	   0.002	   0.992	   0.008
     214	I	   0.002	   0.994	   0.007
     215	R	   0.002	   0.996	   0.004
     216	A	   0.002	   0.998	   0.002
     217	K	   0.002	   0.994	   0.004
     218	I	   0.002	    0.99	   0.009
     219	K	   0.003	    0.97	   0.028
     220	K	   0.003	   0.951	   0.045
     221	A	   0.013	   0.752	   0.236
     222	Y	   0.039	    0.43	   0.531
     223	C	   0.043	   0.103	   0.855
     224	P	   0.033	   0.045	   0.922
     225	A	   0.026	   0.061	   0.913
     226	G	    0.08	   0.076	   0.845
     227	V	   0.213	   0.091	   0.696
     228	V	   0.201	   0.165	   0.634
     229	E	   0.136	    0.19	   0.674
     230	G	   0.046	   0.225	   0.729
     231	N	   0.026	   0.264	   0.709
     232	P	   0.024	   0.797	   0.179
     233	I	   0.028	   0.906	   0.066
     234	M	   0.011	   0.963	   0.025
     235	E	   0.006	   0.971	   0.022
     236	I	   0.007	    0.97	   0.023
     237	A	   0.006	   0.978	   0.016
     238	K	   0.015	   0.961	   0.023
     239	Y	   0.038	   0.925	   0.037
     240	F	   0.062	   0.881	   0.058
     241	L	   0.068	   0.821	   0.111
     242	E	   0.083	   0.525	   0.393
     243	Y	    0.09	   0.256	   0.655
     244	P	   0.147	   0.135	   0.719
     245	L	   0.318	   0.058	   0.624
     246	T	   0.491	    0.03	   0.478
     247	I	   0.609	   0.019	   0.373
     248	K	   0.539	   0.021	   0.439
     249	R	   0.346	   0.024	    0.63
     250	P	   0.216	   0.061	   0.723
     251	E	   0.097	   0.152	   0.751
     252	K	   0.041	   0.083	   0.876
     253	F	   0.033	   0.056	   0.912
     254	G	   0.035	   0.014	   0.952
     255	G	   0.113	   0.007	   0.879
     256	D	    0.47	   0.016	   0.514
     257	L	   0.681	   0.024	   0.296
     258	T	   0.854	   0.014	   0.132
     259	V	   0.821	   0.013	   0.166
     260	N	    0.55	   0.012	   0.438
     261	S	   0.187	   0.054	    0.76
     262	Y	   0.005	    0.97	   0.025
     263	E	   0.003	   0.982	   0.015
     264	E	   0.002	    0.99	    0.01
     265	L	   0.002	   0.986	   0.014
     266	E	   0.002	   0.994	   0.006
     267	S	   0.002	   0.994	   0.006
     268	L	   0.002	   0.988	   0.011
     269	F	   0.002	   0.964	   0.033
     270	K	   0.002	   0.893	   0.105
     271	N	   0.007	   0.592	     0.4
     272	K	   0.008	   0.048	   0.945
     273	E	   0.015	   0.008	   0.977
     274	L	   0.113	   0.015	   0.873
     275	H	   0.025	   0.018	   0.958
     276	P	   0.006	   0.744	    0.25
     277	M	   0.002	   0.926	   0.071
     278	D	   0.006	   0.918	   0.076
     279	L	   0.002	   0.976	   0.023
     280	K	   0.002	   0.983	   0.016
     281	N	   0.002	   0.995	   0.006
     282	A	   0.002	   0.992	   0.007
     283	V	   0.002	   0.992	   0.007
     284	A	   0.002	   0.993	   0.006
     285	E	   0.002	   0.993	   0.006
     286	E	   0.002	   0.993	   0.007
     287	L	   0.002	   0.988	   0.011
     288	I	   0.002	   0.983	   0.016
     289	K	   0.002	   0.976	   0.023
     290	I	   0.002	   0.965	   0.033
     291	L	   0.002	   0.932	   0.066
     292	E	   0.004	   0.883	   0.112
     293	P	    0.01	   0.874	   0.116
     294	I	   0.011	   0.898	   0.091
     295	R	   0.016	   0.795	   0.189
     296	K	   0.011	   0.778	    0.21
     297	R	   0.011	   0.512	   0.478
     298	L	   0.002	   0.009	   0.991
