# TARGET 75441
# Using neural net overrep-3617-IDaa13-7-10-11-10-11-7-7-ebghtl-seeded3-stride-trained.net
# This is a 4-layer network, with 
#	window	units
#	    7	   10
#	   11	   10
#	   11	    7
#	    7	    6 (1 EBGHTL )
# The input amino acid frequencies were determined from
# alignment /work/robetta/SERVER_FRAGMENT_PICKER/jobs/75441/2zimA.uniqueseq.a2m
# with weighted counts, using EntropyWeight(1.4 bits/column, 10)
# The weighting was determined by the posterior distribution
# after regularizing with recode3.20comp.
# Counts were regularized to probabilities using
# recode3.20comp
# Total sequence weight for alignment was 423.987
#
Pos	AA	E	H	L
10N	1S	5N	5N	5N
       0	P	   0.006	   0.068	   0.925
       1	A	   0.015	   0.154	   0.831
       2	L	   0.017	   0.183	     0.8
       3	T	    0.02	   0.331	    0.65
       4	K	   0.004	    0.89	   0.105
       5	S	   0.004	   0.932	   0.064
       6	Q	   0.006	   0.949	   0.045
       7	T	   0.003	   0.957	   0.041
       8	D	   0.002	    0.96	   0.038
       9	R	   0.003	   0.964	   0.033
      10	L	   0.003	   0.952	   0.045
      11	E	   0.004	   0.929	   0.067
      12	V	   0.007	   0.877	   0.116
      13	L	    0.01	   0.781	   0.209
      14	L	   0.007	   0.746	   0.246
      15	N	   0.005	   0.838	   0.156
      16	P	   0.008	   0.833	   0.159
      17	K	   0.009	   0.755	   0.236
      18	D	   0.011	   0.492	   0.498
      19	E	   0.012	   0.339	   0.649
      20	S	   0.011	   0.249	    0.74
      21	G	   0.009	    0.42	   0.571
      22	K	   0.005	   0.735	   0.259
      23	P	   0.008	   0.759	   0.232
      24	F	   0.008	   0.799	   0.193
      25	R	   0.006	   0.839	   0.155
      26	E	   0.006	   0.616	   0.378
      27	L	    0.01	   0.657	   0.332
      28	E	   0.014	   0.597	   0.388
      29	S	   0.015	   0.671	   0.313
      30	E	   0.015	   0.797	   0.187
      31	L	   0.019	   0.802	   0.178
      32	L	   0.025	   0.797	   0.177
      33	S	   0.029	   0.782	   0.188
      34	R	   0.032	   0.752	   0.215
      35	R	   0.025	   0.699	   0.275
      36	K	   0.028	   0.534	   0.438
      37	K	   0.032	   0.285	   0.683
      38	D	   0.024	   0.148	   0.829
      39	L	   0.014	   0.279	   0.708
      40	Q	    0.02	   0.233	   0.747
      41	Q	   0.079	   0.275	   0.646
      42	I	   0.128	   0.247	   0.625
      43	Y	   0.121	   0.199	    0.68
      44	A	   0.073	   0.132	   0.794
      45	E	   0.022	   0.161	   0.818
      46	E	   0.013	   0.303	   0.684
      47	R	   0.012	   0.373	   0.615
      48	E	   0.015	   0.524	   0.461
      49	N	   0.023	   0.604	   0.373
      50	Y	   0.017	   0.855	   0.128
      51	L	   0.004	   0.942	   0.054
      52	G	   0.002	   0.983	   0.016
      53	K	   0.002	   0.983	   0.015
      54	L	   0.002	   0.989	    0.01
      55	E	   0.002	   0.991	   0.008
      56	R	   0.002	   0.994	   0.005
      57	E	   0.002	   0.989	    0.01
      58	I	   0.002	   0.992	   0.007
      59	T	   0.002	   0.994	   0.006
      60	R	   0.002	   0.994	   0.006
      61	F	   0.002	   0.991	   0.008
      62	F	   0.002	   0.982	   0.016
      63	V	   0.002	   0.968	    0.03
      64	D	   0.002	   0.952	   0.046
      65	R	   0.007	   0.744	   0.249
      66	G	   0.003	   0.006	   0.991
      67	F	    0.09	   0.012	   0.899
      68	L	   0.687	   0.013	     0.3
      69	E	   0.884	   0.012	   0.104
      70	I	   0.838	    0.01	   0.152
      71	K	   0.589	   0.007	   0.404
      72	S	   0.265	   0.012	   0.724
      73	P	   0.359	   0.031	    0.61
      74	I	   0.689	    0.03	   0.281
      75	L	   0.763	   0.024	   0.212
      76	I	   0.684	   0.022	   0.293
      77	P	   0.451	    0.07	   0.479
      78	L	    0.11	   0.632	   0.258
      79	E	   0.056	   0.546	   0.398
      80	Y	   0.053	   0.536	    0.41
      81	I	   0.093	   0.357	   0.549
      82	E	   0.032	   0.493	   0.475
      83	R	   0.018	   0.505	   0.477
      84	M	   0.026	   0.383	    0.59
      85	G	   0.012	   0.104	   0.884
      86	I	   0.023	   0.446	   0.532
      87	D	    0.04	   0.586	   0.374
      88	E	   0.057	   0.682	   0.262
      89	L	     0.1	   0.602	   0.298
      90	S	   0.135	   0.586	   0.279
      91	K	   0.132	   0.583	   0.286
      92	Q	   0.287	   0.384	   0.329
      93	I	   0.522	   0.214	   0.264
      94	F	   0.694	   0.081	   0.225
      95	R	   0.706	   0.057	   0.237
      96	V	   0.473	   0.057	    0.47
      97	D	   0.177	   0.035	   0.788
      98	K	   0.082	   0.053	   0.864
      99	N	   0.165	   0.045	    0.79
     100	F	   0.552	   0.025	   0.423
     101	C	   0.816	   0.018	   0.167
     102	L	   0.763	    0.03	   0.209
     103	R	    0.39	   0.039	   0.571
     104	P	    0.13	     0.1	   0.769
     105	M	   0.092	   0.153	   0.756
     106	L	   0.104	   0.136	   0.761
     107	A	   0.018	   0.053	   0.928
     108	P	   0.005	   0.872	   0.123
     109	N	   0.003	   0.956	   0.041
     110	L	   0.002	   0.982	   0.016
     111	Y	   0.002	   0.983	   0.016
     112	N	   0.002	   0.983	   0.015
     113	Y	   0.002	   0.985	   0.013
     114	L	   0.002	    0.98	   0.017
     115	R	   0.003	   0.967	    0.03
     116	K	   0.008	   0.921	   0.071
     117	L	   0.007	   0.845	   0.149
     118	D	   0.007	   0.766	   0.227
     119	R	   0.007	   0.713	   0.281
     120	A	   0.012	   0.413	   0.576
     121	L	   0.014	   0.146	   0.839
     122	P	   0.017	   0.056	   0.927
     123	D	   0.037	   0.024	    0.94
     124	P	   0.116	   0.033	   0.851
     125	I	    0.32	   0.023	   0.657
     126	K	   0.805	   0.014	   0.181
     127	I	   0.954	   0.007	   0.039
     128	F	   0.968	   0.007	   0.025
     129	E	   0.943	   0.007	    0.05
     130	I	   0.752	   0.014	   0.234
     131	G	   0.318	   0.031	   0.651
     132	P	   0.181	   0.133	   0.687
     133	C	   0.238	   0.223	   0.538
     134	Y	   0.224	   0.268	   0.507
     135	R	   0.161	   0.219	   0.621
     136	K	   0.119	   0.194	   0.686
     137	E	   0.101	   0.142	   0.758
     138	S	    0.14	   0.106	   0.753
     139	D	   0.147	   0.089	   0.764
     140	G	   0.094	   0.049	   0.858
     141	K	   0.074	   0.059	   0.867
     142	E	   0.064	   0.056	   0.879
     143	H	   0.154	    0.04	   0.805
     144	L	   0.134	   0.037	    0.83
     145	E	   0.196	   0.083	   0.721
     146	E	   0.444	   0.131	   0.424
     147	F	   0.646	   0.117	   0.236
     148	T	   0.701	   0.097	   0.201
     149	M	   0.658	   0.172	   0.169
     150	L	   0.589	   0.165	   0.245
     151	N	   0.741	   0.085	   0.174
     152	F	   0.855	   0.047	   0.098
     153	C	   0.912	   0.035	   0.054
     154	Q	   0.896	   0.044	    0.06
     155	M	   0.659	   0.084	   0.257
     156	G	   0.259	   0.079	   0.662
     157	S	   0.055	   0.131	   0.814
     158	G	   0.029	   0.289	   0.682
     159	C	   0.051	   0.432	   0.517
     160	T	   0.029	   0.581	   0.389
     161	R	   0.003	   0.962	   0.036
     162	E	   0.002	   0.982	   0.017
     163	N	   0.002	   0.984	   0.014
     164	L	   0.002	   0.992	   0.007
     165	E	   0.002	   0.994	   0.006
     166	S	   0.002	   0.996	   0.003
     167	I	   0.002	   0.995	   0.005
     168	I	   0.002	   0.996	   0.005
     169	T	   0.002	   0.996	   0.004
     170	D	   0.002	   0.996	   0.004
     171	F	   0.002	   0.993	   0.006
     172	L	   0.002	   0.985	   0.013
     173	N	   0.002	   0.979	    0.02
     174	H	   0.002	   0.972	   0.028
     175	L	   0.003	   0.885	   0.111
     176	G	   0.002	    0.02	    0.98
     177	I	   0.019	   0.013	   0.968
     178	D	   0.179	   0.016	   0.807
     179	F	   0.696	   0.015	   0.289
     180	K	   0.909	   0.009	   0.082
     181	I	   0.911	   0.005	   0.083
     182	V	   0.792	   0.006	   0.201
     183	G	   0.398	    0.02	   0.582
     184	D	   0.158	   0.033	    0.81
     185	S	   0.132	   0.044	   0.824
     186	C	   0.082	   0.026	   0.892
     187	M	   0.141	    0.04	   0.818
     188	V	     0.3	   0.029	   0.671
     189	Y	   0.577	   0.018	   0.407
     190	G	   0.733	   0.005	   0.263
     191	D	   0.913	   0.002	   0.085
     192	T	   0.976	   0.002	   0.024
     193	L	   0.988	   0.002	   0.012
     194	D	   0.988	   0.002	   0.012
     195	V	   0.984	   0.002	   0.015
     196	M	   0.974	   0.002	   0.026
     197	H	   0.839	   0.004	   0.156
     198	G	   0.144	   0.007	   0.849
     199	D	   0.053	   0.011	   0.936
     200	L	   0.439	   0.007	   0.555
     201	E	   0.882	   0.002	   0.115
     202	L	   0.928	   0.003	   0.069
     203	S	    0.88	   0.007	   0.112
     204	S	   0.572	   0.019	   0.409
     205	A	   0.296	   0.027	   0.678
     206	V	   0.258	   0.027	   0.715
     207	V	   0.201	   0.022	   0.777
     208	G	   0.047	   0.025	   0.928
     209	P	   0.021	    0.59	   0.389
     210	I	   0.009	   0.845	   0.146
     211	P	   0.008	   0.929	   0.062
     212	L	   0.013	   0.917	   0.069
     213	D	   0.014	   0.898	   0.088
     214	R	   0.011	   0.892	   0.098
     215	E	   0.011	   0.845	   0.144
     216	W	   0.016	   0.598	   0.386
     217	G	   0.018	   0.066	   0.916
     218	I	   0.051	   0.035	   0.914
     219	D	   0.092	   0.019	   0.889
     220	K	   0.092	   0.014	   0.894
     221	P	   0.114	   0.012	   0.874
     222	W	   0.442	   0.034	   0.524
     223	I	   0.641	   0.046	   0.312
     224	G	   0.528	   0.098	   0.373
     225	A	   0.399	    0.13	   0.471
     226	G	   0.352	   0.102	   0.545
     227	F	   0.222	   0.083	   0.696
     228	G	   0.035	   0.046	   0.918
     229	L	   0.003	   0.962	   0.035
     230	E	   0.003	   0.984	   0.013
     231	R	   0.002	   0.996	   0.004
     232	L	   0.002	   0.993	   0.007
     233	L	   0.002	   0.992	   0.007
     234	K	   0.002	   0.993	   0.006
     235	V	   0.002	   0.989	    0.01
     236	K	   0.002	    0.97	   0.029
     237	H	   0.003	   0.903	   0.095
     238	D	   0.003	   0.102	   0.896
     239	F	    0.01	   0.159	   0.831
     240	K	    0.01	   0.107	   0.884
     241	N	   0.033	   0.164	   0.803
     242	I	   0.047	   0.428	   0.525
     243	K	   0.054	   0.636	    0.31
     244	R	   0.095	   0.682	   0.223
     245	A	   0.117	   0.598	   0.285
     246	A	   0.205	   0.367	   0.428
     247	R	   0.176	   0.259	   0.564
     248	S	   0.076	   0.138	   0.786
     249	E	   0.059	    0.25	    0.69
     250	S	   0.078	   0.232	   0.691
     251	Y	   0.144	   0.154	   0.702
     252	Y	   0.092	   0.089	    0.82
     253	N	   0.072	   0.044	   0.883
     254	G	   0.221	   0.044	   0.735
     255	I	   0.538	   0.024	   0.438
     256	S	   0.529	    0.04	   0.431
     257	T	   0.533	   0.036	   0.432
     258	N	   0.184	   0.038	   0.778
     259	L	   0.005	   0.002	   0.995
