   1 P U   0.914  0.042  0.044
   2 A U   0.931  0.028  0.042
   3 L U   0.838  0.095  0.067
   4 T U   0.846  0.080  0.074
   5 K H   0.325  0.637  0.038
   6 S H   0.142  0.826  0.032
   7 Q H   0.046  0.943  0.012
   8 T H   0.035  0.952  0.013
   9 D H   0.041  0.955  0.004
  10 R H   0.072  0.906  0.022
  11 L H   0.109  0.887  0.005
  12 E H   0.046  0.946  0.008
  13 V H   0.063  0.929  0.008
  14 L H   0.132  0.864  0.005
  15 L H   0.195  0.794  0.011
  16 N H   0.336  0.655  0.009
  17 P H   0.325  0.661  0.014
  18 K H   0.264  0.719  0.017
  19 D H   0.576  0.409  0.015
  20 E H   0.281  0.703  0.016
  21 S U   0.530  0.438  0.032
  22 G U   0.830  0.158  0.012
  23 K U   0.603  0.377  0.020
  24 P H   0.340  0.615  0.045
  25 F H   0.435  0.529  0.036
  26 R H   0.192  0.787  0.021
  27 E H   0.190  0.794  0.016
  28 L H   0.206  0.772  0.021
  29 E H   0.120  0.864  0.016
  30 S H   0.176  0.810  0.014
  31 E H   0.190  0.797  0.013
  32 L H   0.051  0.939  0.011
  33 L H   0.295  0.694  0.011
  34 S H   0.249  0.731  0.021
  35 R H   0.482  0.466  0.053
  36 R H   0.402  0.573  0.025
  37 K H   0.279  0.652  0.069
  38 K H   0.266  0.709  0.025
  39 D U   0.720  0.165  0.115
  40 L U   0.542  0.431  0.027
  41 Q U   0.691  0.268  0.041
  42 Q U   0.681  0.250  0.069
  43 I U   0.774  0.118  0.108
  44 Y U   0.783  0.079  0.137
  45 A U   0.689  0.100  0.211
  46 E U   0.535  0.396  0.070
  47 E U   0.339  0.623  0.037
  48 R U   0.507  0.474  0.018
  49 E H   0.317  0.643  0.040
  50 N H   0.232  0.743  0.025
  51 Y H   0.095  0.885  0.020
  52 L H   0.023  0.970  0.007
  53 G H   0.028  0.963  0.008
  54 K H   0.033  0.963  0.004
  55 L H   0.016  0.977  0.007
  56 E H   0.008  0.980  0.012
  57 R H   0.014  0.968  0.018
  58 E H   0.032  0.914  0.054
  59 I H   0.011  0.974  0.015
  60 T H   0.004  0.992  0.004
  61 R H   0.034  0.931  0.035
  62 F H   0.033  0.917  0.050
  63 F H   0.023  0.902  0.075
  64 V H   0.035  0.931  0.034
  65 D H   0.095  0.861  0.044
  66 R H   0.401  0.521  0.078
  67 G U   0.737  0.215  0.048
  68 F S   0.182  0.075  0.743
  69 L S   0.195  0.098  0.707
  70 E S   0.053  0.066  0.881
  71 I S   0.086  0.048  0.867
  72 K S   0.212  0.051  0.737
  73 S S   0.462  0.132  0.406
  74 P S   0.371  0.196  0.433
  75 I U   0.586  0.177  0.237
  76 L U   0.418  0.217  0.365
  77 I S   0.392  0.210  0.398
  78 P S   0.267  0.179  0.554
  79 L U   0.420  0.491  0.089
  80 E U   0.566  0.256  0.178
  81 Y U   0.504  0.429  0.067
  82 I U   0.495  0.350  0.155
  83 E U   0.504  0.272  0.224
  84 R U   0.514  0.365  0.122
  85 M U   0.573  0.266  0.161
  86 G U   0.790  0.103  0.107
  87 I U   0.696  0.126  0.178
  88 D U   0.607  0.228  0.164
  89 E U   0.491  0.396  0.113
  90 L U   0.489  0.307  0.204
  91 S H   0.346  0.597  0.057
  92 K H   0.331  0.575  0.094
  93 Q U   0.409  0.323  0.268
  94 I U   0.210  0.245  0.546
  95 F U   0.477  0.141  0.382
  96 R U   0.379  0.130  0.491
  97 V U   0.587  0.200  0.213
  98 D U   0.605  0.159  0.236
  99 K U   0.622  0.249  0.129
 100 N U   0.600  0.224  0.176
 101 F U   0.622  0.278  0.100
 102 C U   0.715  0.147  0.138
 103 L U   0.684  0.148  0.169
 104 R U   0.565  0.167  0.267
 105 P U   0.483  0.258  0.258
 106 M U   0.568  0.154  0.278
 107 L U   0.583  0.229  0.188
 108 A U   0.651  0.168  0.181
 109 P U   0.451  0.327  0.222
 110 N H   0.234  0.656  0.110
 111 L H   0.082  0.827  0.091
 112 Y H   0.136  0.798  0.066
 113 N H   0.048  0.867  0.086
 114 Y H   0.057  0.899  0.044
 115 L H   0.033  0.908  0.060
 116 R H   0.215  0.743  0.042
 117 K H   0.169  0.799  0.031
 118 L H   0.217  0.762  0.021
 119 D H   0.353  0.564  0.083
 120 R H   0.365  0.609  0.026
 121 A U   0.506  0.416  0.079
 122 L U   0.753  0.174  0.073
 123 P U   0.753  0.109  0.138
 124 D U   0.700  0.130  0.170
 125 P S   0.370  0.066  0.564
 126 I S   0.292  0.044  0.664
 127 K S   0.228  0.026  0.746
 128 I S   0.174  0.093  0.733
 129 F S   0.155  0.051  0.795
 130 E S   0.174  0.042  0.784
 131 I S   0.422  0.052  0.527
 132 G U   0.736  0.121  0.142
 133 P U   0.653  0.153  0.194
 134 C U   0.631  0.124  0.245
 135 Y U   0.472  0.089  0.440
 136 R U   0.607  0.042  0.351
 137 K U   0.670  0.039  0.291
 138 E U   0.687  0.071  0.242
 139 S U   0.728  0.129  0.143
 140 D U   0.794  0.124  0.083
 141 G U   0.900  0.062  0.037
 142 K U   0.730  0.124  0.147
 143 E U   0.718  0.146  0.137
 144 H U   0.654  0.185  0.160
 145 L U   0.576  0.298  0.127
 146 E H   0.361  0.488  0.151
 147 E H   0.201  0.701  0.098
 148 F H   0.275  0.416  0.309
 149 T H   0.116  0.590  0.293
 150 M H   0.177  0.548  0.275
 151 L H   0.120  0.541  0.339
 152 N H   0.099  0.494  0.406
 153 F S   0.034  0.269  0.697
 154 C S   0.043  0.358  0.599
 155 Q S   0.066  0.429  0.505
 156 M S   0.188  0.362  0.451
 157 G U   0.750  0.152  0.099
 158 S U   0.815  0.096  0.089
 159 G U   0.682  0.238  0.080
 160 C U   0.565  0.308  0.126
 161 T U   0.607  0.324  0.068
 162 R H   0.034  0.958  0.009
 163 E H   0.020  0.972  0.008
 164 N H   0.076  0.900  0.024
 165 L H   0.014  0.981  0.005
 166 E H   0.010  0.977  0.013
 167 S H   0.005  0.992  0.003
 168 I H   0.026  0.940  0.034
 169 I H   0.011  0.975  0.014
 170 T H   0.013  0.972  0.015
 171 D H   0.013  0.974  0.012
 172 F H   0.012  0.981  0.007
 173 L H   0.023  0.959  0.018
 174 N H   0.061  0.876  0.064
 175 H H   0.037  0.917  0.046
 176 L H   0.082  0.876  0.042
 177 G U   0.737  0.204  0.059
 178 I S   0.337  0.094  0.570
 179 D S   0.261  0.221  0.518
 180 F S   0.174  0.088  0.738
 181 K S   0.175  0.049  0.776
 182 I S   0.157  0.064  0.779
 183 V S   0.198  0.039  0.763
 184 G U   0.587  0.087  0.326
 185 D U   0.685  0.049  0.266
 186 S U   0.883  0.043  0.073
 187 C U   0.562  0.128  0.310
 188 M U   0.472  0.089  0.439
 189 V U   0.391  0.176  0.433
 190 Y U   0.465  0.116  0.420
 191 G U   0.576  0.056  0.368
 192 D U   0.648  0.083  0.269
 193 T U   0.493  0.116  0.391
 194 L U   0.550  0.213  0.237
 195 D U   0.722  0.107  0.171
 196 V U   0.636  0.169  0.194
 197 M U   0.619  0.185  0.195
 198 H U   0.682  0.229  0.089
 199 G U   0.893  0.053  0.054
 200 D U   0.766  0.105  0.129
 201 L H   0.066  0.638  0.296
 202 E H   0.058  0.333  0.610
 203 L H   0.054  0.656  0.291
 204 S H   0.227  0.560  0.213
 205 S U   0.628  0.206  0.166
 206 A U   0.676  0.164  0.160
 207 V U   0.680  0.124  0.197
 208 V U   0.615  0.212  0.173
 209 G U   0.641  0.120  0.239
 210 P U   0.555  0.022  0.422
 211 I U   0.692  0.131  0.177
 212 P U   0.593  0.189  0.218
 213 L U   0.558  0.284  0.158
 214 D U   0.467  0.288  0.245
 215 R U   0.434  0.451  0.115
 216 E U   0.543  0.309  0.147
 217 W U   0.696  0.214  0.090
 218 G U   0.920  0.029  0.051
 219 I U   0.741  0.125  0.134
 220 D U   0.841  0.055  0.104
 221 K U   0.702  0.215  0.083
 222 P U   0.491  0.284  0.225
 223 W U   0.394  0.376  0.230
 224 I U   0.378  0.335  0.287
 225 G U   0.509  0.273  0.218
 226 A U   0.622  0.199  0.179
 227 G U   0.582  0.293  0.125
 228 F U   0.530  0.342  0.127
 229 G U   0.589  0.370  0.041
 230 L H   0.220  0.723  0.056
 231 E H   0.120  0.793  0.087
 232 R H   0.072  0.909  0.019
 233 L H   0.011  0.987  0.002
 234 L H   0.072  0.909  0.019
 235 K H   0.122  0.854  0.024
 236 V H   0.154  0.763  0.083
 237 K H   0.189  0.693  0.118
 238 H H   0.114  0.813  0.074
 239 D U   0.803  0.158  0.039
 240 F U   0.596  0.348  0.057
 241 K U   0.604  0.379  0.017
 242 N H   0.450  0.501  0.050
 243 I H   0.252  0.690  0.058
 244 K H   0.206  0.714  0.080
 245 R H   0.135  0.817  0.047
 246 A H   0.275  0.618  0.106
 247 A H   0.408  0.462  0.129
 248 R U   0.481  0.405  0.114
 249 S U   0.816  0.085  0.100
 250 E U   0.659  0.194  0.148
 251 S U   0.747  0.110  0.143
 252 Y U   0.800  0.095  0.105
 253 Y U   0.524  0.257  0.219
 254 N U   0.614  0.197  0.189
 255 G U   0.579  0.313  0.107
 256 I U   0.582  0.127  0.291
 257 S U   0.531  0.188  0.281
 258 T U   0.506  0.064  0.429
 259 N U   0.715  0.081  0.204
 260 L U   0.792  0.083  0.125
