   1 M U   0.733  0.258  0.010
   2 D H   0.416  0.520  0.064
   3 E H   0.161  0.747  0.092
   4 F H   0.050  0.893  0.057
   5 E H   0.092  0.886  0.022
   6 M H   0.075  0.899  0.026
   7 I H   0.076  0.894  0.030
   8 K H   0.098  0.820  0.083
   9 R H   0.257  0.727  0.016
  10 N H   0.511  0.481  0.008
  11 T H   0.352  0.539  0.109
  12 S H   0.272  0.584  0.144
  13 E H   0.341  0.444  0.215
  14 I S   0.340  0.139  0.521
  15 I S   0.466  0.060  0.474
  16 S U   0.680  0.159  0.160
  17 E H   0.234  0.715  0.051
  18 E H   0.049  0.947  0.004
  19 E H   0.069  0.917  0.013
  20 L H   0.090  0.894  0.016
  21 R H   0.009  0.988  0.003
  22 E H   0.035  0.948  0.017
  23 V H   0.066  0.911  0.023
  24 L H   0.161  0.824  0.015
  25 K H   0.290  0.694  0.016
  26 K U   0.617  0.377  0.006
  27 D U   0.879  0.057  0.063
  28 E U   0.729  0.016  0.255
  29 K S   0.422  0.049  0.529
  30 S S   0.372  0.006  0.622
  31 A S   0.051  0.010  0.939
  32 L S   0.096  0.052  0.852
  33 I S   0.062  0.010  0.927
  34 G S   0.426  0.018  0.557
  35 F S   0.227  0.022  0.751
  36 E S   0.473  0.030  0.497
  37 P U   0.664  0.083  0.253
  38 S U   0.734  0.126  0.140
  39 G U   0.849  0.111  0.040
  40 K H   0.336  0.573  0.092
  41 I H   0.325  0.577  0.098
  42 H H   0.635  0.233  0.132
  43 L H   0.447  0.505  0.049
  44 G H   0.381  0.517  0.102
  45 H H   0.159  0.800  0.042
  46 Y H   0.030  0.932  0.038
  47 L H   0.044  0.941  0.015
  48 Q H   0.081  0.898  0.021
  49 I H   0.011  0.982  0.006
  50 K H   0.032  0.949  0.018
  51 K H   0.049  0.931  0.020
  52 M H   0.028  0.966  0.005
  53 I H   0.043  0.945  0.011
  54 D H   0.122  0.852  0.026
  55 L H   0.145  0.765  0.090
  56 Q H   0.204  0.730  0.066
  57 N H   0.339  0.611  0.051
  58 A U   0.495  0.429  0.077
  59 G U   0.870  0.049  0.081
  60 F S   0.307  0.128  0.565
  61 D S   0.415  0.071  0.514
  62 I S   0.046  0.092  0.861
  63 I S   0.056  0.092  0.852
  64 I S   0.031  0.141  0.828
  65 L S   0.033  0.300  0.667
  66 L S   0.015  0.765  0.220
  67 A S   0.093  0.414  0.493
  68 D H   0.229  0.743  0.029
  69 L H   0.111  0.868  0.021
  70 H H   0.082  0.776  0.142
  71 A H   0.143  0.798  0.059
  72 Y H   0.443  0.495  0.062
  73 L U   0.609  0.321  0.070
  74 N U   0.664  0.205  0.131
  75 Q U   0.767  0.127  0.107
  76 K U   0.748  0.165  0.087
  77 G U   0.749  0.119  0.132
  78 E U   0.779  0.117  0.104
  79 L U   0.603  0.349  0.048
  80 D U   0.682  0.214  0.103
  81 E H   0.461  0.495  0.044
  82 I H   0.408  0.551  0.041
  83 R H   0.287  0.657  0.056
  84 K H   0.500  0.459  0.041
  85 I H   0.390  0.563  0.047
  86 G H   0.237  0.721  0.042
  87 D H   0.188  0.784  0.028
  88 Y H   0.075  0.904  0.021
  89 N H   0.023  0.967  0.009
  90 K H   0.019  0.960  0.021
  91 K H   0.038  0.928  0.034
  92 V H   0.082  0.823  0.095
  93 F H   0.103  0.856  0.040
  94 E H   0.096  0.871  0.033
  95 A H   0.440  0.503  0.057
  96 M U   0.478  0.469  0.053
  97 G U   0.757  0.197  0.046
  98 L U   0.680  0.210  0.110
  99 K U   0.796  0.105  0.099
 100 A U   0.630  0.195  0.175
 101 K U   0.583  0.117  0.300
 102 Y U   0.605  0.171  0.224
 103 V U   0.556  0.119  0.324
 104 Y U   0.436  0.279  0.286
 105 G U   0.612  0.219  0.169
 106 S U   0.708  0.140  0.151
 107 S U   0.486  0.440  0.074
 108 F H   0.213  0.718  0.068
 109 Q H   0.055  0.926  0.018
 110 L H   0.108  0.886  0.006
 111 D H   0.216  0.749  0.035
 112 K H   0.135  0.838  0.027
 113 D H   0.175  0.806  0.019
 114 Y H   0.144  0.841  0.015
 115 T H   0.063  0.929  0.008
 116 L H   0.058  0.927  0.015
 117 N H   0.040  0.954  0.006
 118 V H   0.036  0.959  0.005
 119 Y H   0.027  0.962  0.011
 120 R H   0.049  0.934  0.017
 121 L H   0.063  0.911  0.027
 122 A H   0.081  0.891  0.028
 123 L H   0.178  0.791  0.031
 124 K H   0.180  0.760  0.060
 125 T H   0.265  0.685  0.049
 126 T H   0.098  0.879  0.023
 127 L H   0.136  0.845  0.020
 128 K H   0.166  0.802  0.032
 129 R H   0.339  0.597  0.064
 130 A H   0.367  0.574  0.059
 131 R H   0.334  0.603  0.062
 132 R H   0.417  0.496  0.088
 133 S U   0.467  0.412  0.122
 134 M U   0.474  0.369  0.157
 135 E U   0.471  0.395  0.134
 136 L H   0.283  0.638  0.079
 137 I H   0.275  0.594  0.131
 138 A H   0.315  0.543  0.142
 139 R U   0.528  0.355  0.117
 140 E U   0.578  0.325  0.096
 141 D U   0.760  0.169  0.071
 142 E U   0.632  0.271  0.098
 143 N U   0.764  0.131  0.105
 144 P U   0.659  0.182  0.159
 145 K U   0.594  0.297  0.109
 146 V U   0.676  0.159  0.165
 147 A U   0.673  0.095  0.232
 148 E U   0.540  0.165  0.295
 149 V U   0.481  0.297  0.222
 150 I U   0.433  0.260  0.307
 151 Y U   0.568  0.251  0.182
 152 P H   0.313  0.585  0.101
 153 I H   0.375  0.556  0.069
 154 M H   0.381  0.398  0.221
 155 Q H   0.469  0.349  0.182
 156 V H   0.290  0.576  0.134
 157 N H   0.403  0.461  0.135
 158 P H   0.317  0.570  0.113
 159 A H   0.410  0.538  0.052
 160 H H   0.314  0.616  0.070
 161 Y H   0.341  0.523  0.136
 162 Q H   0.322  0.523  0.155
 163 G U   0.494  0.376  0.130
 164 V U   0.507  0.205  0.288
 165 D S   0.293  0.232  0.476
 166 V S   0.307  0.253  0.440
 167 V S   0.283  0.164  0.553
 168 V U   0.191  0.498  0.311
 169 G U   0.508  0.244  0.248
 170 G U   0.569  0.035  0.395
 171 M U   0.645  0.218  0.138
 172 E U   0.756  0.130  0.114
 173 Q U   0.506  0.398  0.096
 174 R H   0.256  0.662  0.082
 175 K H   0.196  0.730  0.074
 176 I H   0.181  0.780  0.040
 177 H H   0.062  0.898  0.039
 178 M H   0.042  0.894  0.064
 179 L H   0.092  0.837  0.071
 180 A H   0.163  0.729  0.108
 181 R H   0.289  0.576  0.135
 182 E H   0.252  0.688  0.059
 183 L H   0.386  0.530  0.084
 184 L H   0.385  0.507  0.108
 185 P H   0.433  0.488  0.078
 186 K H   0.410  0.505  0.085
 187 K H   0.301  0.558  0.141
 188 V H   0.358  0.531  0.111
 189 V H   0.257  0.615  0.128
 190 C H   0.346  0.507  0.147
 191 I U   0.513  0.291  0.195
 192 H U   0.435  0.319  0.246
 193 N U   0.761  0.090  0.149
 194 P U   0.738  0.117  0.145
 195 V U   0.702  0.139  0.159
 196 L U   0.769  0.092  0.139
 197 T U   0.792  0.090  0.118
 198 G U   0.844  0.068  0.088
 199 L U   0.854  0.074  0.072
 200 D U   0.847  0.072  0.081
 201 G U   0.837  0.091  0.072
 202 E U   0.830  0.083  0.087
 203 G U   0.791  0.107  0.102
 204 K U   0.580  0.094  0.326
 205 M U   0.732  0.124  0.144
 206 S U   0.771  0.102  0.127
 207 S U   0.760  0.112  0.128
 208 S U   0.755  0.117  0.128
 209 K U   0.785  0.092  0.123
 210 G U   0.806  0.083  0.111
 211 N U   0.736  0.111  0.153
 212 F S   0.436  0.092  0.472
 213 I S   0.259  0.219  0.523
 214 A S   0.345  0.089  0.566
 215 V U   0.606  0.128  0.266
 216 D U   0.657  0.077  0.266
 217 D U   0.799  0.101  0.101
 218 S U   0.844  0.103  0.054
 219 P H   0.473  0.505  0.022
 220 E H   0.140  0.843  0.017
 221 E H   0.150  0.815  0.034
 222 I H   0.175  0.796  0.028
 223 R H   0.049  0.902  0.049
 224 A H   0.112  0.852  0.036
 225 K H   0.151  0.785  0.064
 226 I H   0.054  0.893  0.053
 227 K H   0.129  0.809  0.063
 228 K H   0.204  0.670  0.126
 229 A H   0.342  0.566  0.092
 230 Y H   0.289  0.662  0.049
 231 C U   0.495  0.418  0.086
 232 P U   0.639  0.242  0.119
 233 A U   0.737  0.158  0.105
 234 G U   0.818  0.084  0.098
 235 V U   0.681  0.117  0.201
 236 V U   0.549  0.212  0.239
 237 E U   0.712  0.088  0.200
 238 G U   0.843  0.064  0.093
 239 N U   0.834  0.070  0.096
 240 P U   0.866  0.057  0.077
 241 I U   0.705  0.133  0.162
 242 M H   0.293  0.546  0.161
 243 E H   0.323  0.391  0.286
 244 I H   0.064  0.837  0.099
 245 A H   0.096  0.772  0.132
 246 K H   0.106  0.741  0.154
 247 Y H   0.151  0.777  0.073
 248 F H   0.328  0.576  0.096
 249 L H   0.451  0.454  0.095
 250 E U   0.451  0.438  0.111
 251 Y U   0.617  0.240  0.143
 252 P U   0.519  0.293  0.187
 253 L U   0.587  0.316  0.097
 254 T U   0.630  0.282  0.088
 255 I U   0.592  0.298  0.110
 256 K U   0.498  0.283  0.219
 257 R U   0.640  0.187  0.173
 258 P U   0.619  0.211  0.170
 259 E U   0.541  0.318  0.141
 260 K U   0.648  0.286  0.066
 261 F U   0.771  0.133  0.097
 262 G U   0.813  0.091  0.096
 263 G U   0.846  0.068  0.086
 264 D U   0.820  0.081  0.100
 265 L U   0.791  0.100  0.109
 266 T U   0.804  0.090  0.106
 267 V U   0.457  0.503  0.040
 268 N U   0.700  0.196  0.104
 269 S H   0.319  0.632  0.049
 270 Y H   0.058  0.927  0.015
 271 E H   0.040  0.952  0.008
 272 E H   0.034  0.958  0.008
 273 L H   0.027  0.968  0.005
 274 E H   0.018  0.976  0.006
 275 S H   0.049  0.936  0.015
 276 L H   0.045  0.943  0.013
 277 F H   0.092  0.883  0.025
 278 K H   0.184  0.782  0.034
 279 N H   0.232  0.732  0.036
 280 K U   0.634  0.332  0.034
 281 E U   0.641  0.276  0.084
 282 L U   0.697  0.183  0.120
 283 H U   0.762  0.111  0.127
 284 P H   0.358  0.624  0.018
 285 M H   0.134  0.839  0.027
 286 D H   0.102  0.859  0.040
 287 L H   0.037  0.948  0.015
 288 K H   0.024  0.968  0.008
 289 N H   0.024  0.967  0.009
 290 A H   0.069  0.908  0.023
 291 V H   0.037  0.960  0.003
 292 A H   0.016  0.978  0.006
 293 E H   0.017  0.970  0.013
 294 E H   0.074  0.903  0.023
 295 L H   0.047  0.920  0.032
 296 I H   0.011  0.988  0.001
 297 K H   0.058  0.899  0.043
 298 I H   0.100  0.882  0.019
 299 L H   0.141  0.842  0.017
 300 E H   0.178  0.806  0.016
 301 P H   0.065  0.928  0.007
 302 I H   0.192  0.798  0.010
 303 R H   0.286  0.707  0.007
 304 K H   0.319  0.671  0.010
 305 R H   0.404  0.552  0.043
 306 L U   0.664  0.277  0.058
 307 L U   0.842  0.084  0.073
