# TARGET 75712
# Using neural net overrep-3617-IDaa13-7-10-11-10-11-7-7-ebghtl-seeded3-stride-trained.net
# This is a 4-layer network, with 
#	window	units
#	    7	   10
#	   11	   10
#	   11	    7
#	    7	    6 (1 EBGHTL )
# The input amino acid frequencies were determined from
# alignment /work/robetta/SERVER_FRAGMENT_PICKER/jobs/75712/1zh0A.uniqueseq.a2m
# with weighted counts, using EntropyWeight(1.4 bits/column, 10)
# The weighting was determined by the posterior distribution
# after regularizing with recode3.20comp.
# Counts were regularized to probabilities using
# recode3.20comp
# Total sequence weight for alignment was 55.1101
#
Pos	AA	E	H	L
10N	1S	5N	5N	5N
       0	M	   0.013	   0.055	   0.933
       1	D	   0.065	   0.125	    0.81
       2	E	   0.115	   0.244	   0.641
       3	F	   0.148	   0.393	   0.459
       4	E	    0.15	   0.608	   0.241
       5	M	   0.222	   0.603	   0.175
       6	I	   0.248	   0.584	   0.169
       7	K	    0.19	   0.515	   0.295
       8	R	   0.107	    0.42	   0.473
       9	N	   0.061	   0.312	   0.628
      10	T	   0.131	   0.201	   0.667
      11	S	    0.32	   0.159	   0.521
      12	E	   0.481	   0.153	   0.366
      13	I	   0.432	   0.121	   0.447
      14	I	   0.201	   0.056	   0.743
      15	S	   0.031	   0.037	   0.932
      16	E	   0.004	   0.937	   0.059
      17	E	   0.003	   0.973	   0.024
      18	E	   0.002	   0.985	   0.014
      19	L	   0.002	   0.982	   0.017
      20	R	   0.002	   0.985	   0.015
      21	E	   0.002	   0.973	   0.025
      22	V	   0.002	   0.965	   0.032
      23	L	   0.003	   0.911	   0.085
      24	K	   0.006	   0.798	   0.196
      25	K	   0.009	   0.463	   0.528
      26	D	   0.011	   0.075	   0.914
      27	E	   0.012	    0.01	   0.978
      28	K	   0.132	   0.012	   0.856
      29	S	   0.753	   0.011	   0.236
      30	A	   0.912	   0.006	   0.082
      31	L	   0.941	   0.005	   0.054
      32	I	    0.89	   0.008	   0.103
      33	G	   0.766	   0.007	   0.228
      34	F	     0.6	   0.012	   0.389
      35	E	   0.345	   0.017	   0.638
      36	P	   0.188	   0.033	   0.779
      37	S	   0.121	   0.031	   0.849
      38	G	   0.047	    0.01	   0.943
      39	K	   0.151	   0.017	   0.832
      40	I	   0.305	   0.026	    0.67
      41	H	   0.481	   0.037	   0.482
      42	L	   0.479	   0.125	   0.396
      43	G	    0.26	   0.296	   0.443
      44	H	   0.231	   0.297	   0.472
      45	Y	   0.246	   0.267	   0.487
      46	L	   0.277	   0.155	   0.568
      47	Q	   0.131	   0.372	   0.497
      48	I	   0.008	   0.965	   0.027
      49	K	   0.007	   0.961	   0.032
      50	K	   0.002	   0.983	   0.015
      51	M	   0.002	   0.992	   0.008
      52	I	   0.002	   0.993	   0.006
      53	D	   0.002	    0.99	   0.009
      54	L	   0.002	   0.986	   0.013
      55	Q	   0.002	   0.983	   0.016
      56	N	   0.002	   0.965	   0.033
      57	A	   0.006	   0.774	    0.22
      58	G	   0.003	   0.006	   0.992
      59	F	   0.156	    0.01	   0.834
      60	D	   0.727	   0.006	   0.267
      61	I	   0.967	   0.002	   0.029
      62	I	   0.992	   0.002	   0.007
      63	I	   0.993	   0.003	   0.006
      64	L	   0.986	   0.003	   0.011
      65	L	   0.953	   0.008	   0.039
      66	A	   0.721	   0.024	   0.254
      67	D	   0.392	   0.084	   0.524
      68	L	   0.381	   0.193	   0.426
      69	H	   0.432	   0.223	   0.345
      70	A	    0.44	   0.292	   0.269
      71	Y	   0.407	   0.339	   0.254
      72	L	   0.296	   0.356	   0.347
      73	N	   0.102	   0.185	   0.714
      74	Q	   0.048	   0.112	    0.84
      75	K	   0.045	   0.056	   0.899
      76	G	   0.073	   0.035	   0.892
      77	E	   0.022	   0.035	   0.943
      78	L	   0.003	   0.937	   0.061
      79	D	   0.003	   0.972	   0.027
      80	E	   0.002	   0.988	   0.011
      81	I	   0.002	   0.987	   0.012
      82	R	   0.002	   0.991	   0.009
      83	K	   0.002	   0.991	   0.008
      84	I	   0.002	   0.992	   0.007
      85	G	   0.002	   0.992	   0.008
      86	D	   0.002	   0.993	   0.007
      87	Y	   0.002	   0.994	   0.005
      88	N	   0.002	   0.994	   0.005
      89	K	   0.002	   0.995	   0.005
      90	K	   0.002	   0.995	   0.004
      91	V	   0.002	   0.991	   0.007
      92	F	   0.005	   0.981	   0.015
      93	E	   0.009	   0.961	    0.03
      94	A	   0.009	   0.956	   0.036
      95	M	   0.014	   0.896	   0.089
      96	G	   0.021	   0.508	   0.471
      97	L	   0.019	   0.047	   0.934
      98	K	   0.108	   0.068	   0.824
      99	A	   0.331	   0.026	   0.644
     100	K	    0.89	   0.015	   0.095
     101	Y	   0.935	   0.011	   0.053
     102	V	   0.923	   0.012	   0.066
     103	Y	   0.755	   0.017	   0.229
     104	G	   0.356	   0.029	   0.615
     105	S	   0.179	   0.116	   0.705
     106	S	   0.169	   0.213	   0.618
     107	F	   0.207	   0.234	   0.559
     108	Q	   0.203	   0.175	   0.622
     109	L	   0.134	   0.103	   0.762
     110	D	   0.064	   0.165	   0.771
     111	K	   0.029	   0.355	   0.616
     112	D	   0.044	   0.421	   0.536
     113	Y	   0.109	   0.532	    0.36
     114	T	   0.074	   0.763	   0.163
     115	L	   0.052	    0.86	   0.088
     116	N	   0.042	    0.89	    0.07
     117	V	   0.019	   0.944	   0.037
     118	Y	   0.016	   0.942	   0.042
     119	R	   0.023	    0.92	   0.056
     120	L	   0.023	   0.913	   0.064
     121	A	   0.017	   0.864	   0.118
     122	L	   0.023	   0.738	   0.238
     123	K	   0.025	   0.584	   0.391
     124	T	   0.038	   0.189	   0.774
     125	T	   0.026	   0.161	   0.814
     126	L	   0.002	   0.975	   0.023
     127	K	   0.002	   0.983	   0.015
     128	R	   0.002	   0.989	    0.01
     129	A	   0.002	    0.98	   0.018
     130	R	   0.003	   0.975	   0.022
     131	R	   0.003	   0.969	   0.028
     132	S	   0.005	   0.932	   0.063
     133	M	    0.01	   0.819	   0.171
     134	E	   0.023	    0.77	   0.207
     135	L	   0.037	   0.735	   0.227
     136	I	   0.075	   0.628	   0.297
     137	A	   0.089	   0.411	   0.499
     138	R	   0.112	    0.29	   0.599
     139	E	   0.098	   0.308	   0.594
     140	D	   0.072	   0.248	   0.681
     141	E	   0.046	   0.161	   0.792
     142	N	   0.031	   0.117	   0.851
     143	P	   0.042	   0.271	   0.687
     144	K	   0.043	   0.295	   0.663
     145	V	   0.027	   0.731	   0.242
     146	A	   0.024	   0.788	   0.188
     147	E	   0.019	   0.822	   0.159
     148	V	   0.032	   0.802	   0.165
     149	I	   0.031	   0.821	   0.148
     150	Y	   0.019	   0.818	   0.163
     151	P	   0.012	   0.848	   0.139
     152	I	   0.025	   0.802	   0.173
     153	M	   0.055	   0.755	    0.19
     154	Q	   0.053	   0.767	    0.18
     155	V	   0.091	   0.657	   0.252
     156	N	   0.059	   0.666	   0.274
     157	P	     0.1	   0.449	    0.45
     158	A	   0.167	   0.596	   0.236
     159	H	   0.174	   0.652	   0.175
     160	Y	   0.143	   0.713	   0.144
     161	Q	   0.123	   0.503	   0.375
     162	G	   0.124	   0.297	   0.579
     163	V	   0.284	   0.236	    0.48
     164	D	   0.457	   0.163	    0.38
     165	V	   0.611	   0.176	   0.213
     166	V	    0.58	   0.241	   0.179
     167	V	   0.354	   0.371	   0.276
     168	G	   0.136	   0.359	   0.504
     169	G	   0.048	   0.296	   0.656
     170	M	   0.029	   0.707	   0.264
     171	E	   0.018	   0.781	   0.201
     172	Q	   0.004	   0.946	    0.05
     173	R	   0.003	   0.963	   0.033
     174	K	   0.003	   0.982	   0.016
     175	I	   0.002	    0.99	   0.008
     176	H	   0.004	   0.985	   0.012
     177	M	   0.003	   0.989	   0.009
     178	L	   0.004	   0.983	   0.013
     179	A	   0.004	   0.981	   0.015
     180	R	   0.004	   0.974	   0.022
     181	E	   0.007	   0.949	   0.045
     182	L	   0.012	   0.838	   0.151
     183	L	   0.015	   0.337	   0.648
     184	P	   0.016	    0.18	   0.803
     185	K	   0.026	   0.072	   0.903
     186	K	   0.049	   0.017	   0.934
     187	V	   0.186	   0.011	   0.803
     188	V	   0.702	   0.013	   0.286
     189	C	   0.878	   0.015	   0.106
     190	I	   0.897	   0.019	   0.085
     191	H	   0.754	   0.035	   0.211
     192	N	   0.315	   0.126	   0.558
     193	P	   0.112	   0.141	   0.746
     194	V	   0.096	   0.221	   0.684
     195	L	    0.11	   0.172	   0.719
     196	T	   0.054	   0.258	   0.688
     197	G	   0.039	   0.264	   0.697
     198	L	   0.084	   0.172	   0.744
     199	D	   0.055	   0.053	   0.892
     200	G	   0.053	   0.074	   0.872
     201	E	   0.067	   0.164	   0.769
     202	G	   0.112	   0.208	    0.68
     203	K	   0.181	   0.216	   0.602
     204	M	    0.17	    0.16	    0.67
     205	S	   0.171	   0.166	   0.664
     206	S	   0.108	   0.135	   0.757
     207	S	   0.096	   0.058	   0.846
     208	K	   0.069	   0.043	   0.887
     209	G	   0.047	   0.111	   0.842
     210	N	   0.071	   0.153	   0.775
     211	F	    0.16	   0.093	   0.748
     212	I	   0.359	   0.046	   0.595
     213	A	   0.437	   0.032	   0.531
     214	V	   0.256	   0.036	   0.707
     215	D	   0.132	    0.04	   0.828
     216	D	   0.081	   0.023	   0.896
     217	S	    0.01	   0.024	   0.966
     218	P	   0.002	   0.926	   0.073
     219	E	   0.002	   0.979	   0.021
     220	E	   0.002	   0.993	   0.007
     221	I	   0.002	   0.994	   0.007
     222	R	   0.002	   0.996	   0.004
     223	A	   0.002	   0.998	   0.002
     224	K	   0.002	   0.994	   0.004
     225	I	   0.002	    0.99	   0.009
     226	K	   0.003	    0.97	   0.028
     227	K	   0.003	   0.954	   0.044
     228	A	   0.012	   0.743	   0.246
     229	Y	   0.038	   0.402	   0.559
     230	C	   0.044	   0.097	   0.859
     231	P	   0.034	   0.043	   0.923
     232	A	   0.028	   0.055	   0.917
     233	G	   0.094	   0.064	   0.843
     234	V	   0.244	    0.07	   0.687
     235	V	   0.228	   0.115	   0.658
     236	E	   0.131	   0.133	   0.736
     237	G	   0.044	   0.187	    0.77
     238	N	   0.032	   0.257	   0.711
     239	P	   0.028	   0.796	   0.176
     240	I	   0.029	    0.91	   0.061
     241	M	   0.012	   0.962	   0.026
     242	E	   0.006	   0.974	   0.021
     243	I	   0.007	   0.972	   0.021
     244	A	   0.005	   0.981	   0.014
     245	K	   0.014	   0.964	   0.023
     246	Y	   0.037	   0.928	   0.035
     247	F	   0.061	   0.883	   0.057
     248	L	   0.075	    0.81	   0.115
     249	E	   0.099	   0.506	   0.395
     250	Y	   0.109	   0.283	   0.608
     251	P	   0.173	   0.142	   0.684
     252	L	   0.342	   0.059	   0.598
     253	T	   0.456	   0.031	   0.513
     254	I	   0.544	   0.019	   0.438
     255	K	   0.457	   0.022	   0.521
     256	R	   0.286	   0.027	   0.687
     257	P	   0.202	    0.06	   0.739
     258	E	   0.093	   0.124	   0.783
     259	K	   0.034	   0.064	   0.902
     260	F	   0.028	   0.048	   0.925
     261	G	   0.038	   0.011	    0.95
     262	G	   0.151	   0.007	   0.841
     263	D	   0.487	   0.014	   0.499
     264	L	   0.679	   0.022	   0.299
     265	T	   0.841	   0.015	   0.145
     266	V	   0.794	   0.016	    0.19
     267	N	   0.547	   0.013	   0.439
     268	S	    0.19	   0.058	   0.752
     269	Y	   0.005	   0.973	   0.022
     270	E	   0.003	   0.984	   0.013
     271	E	   0.002	   0.991	   0.009
     272	L	   0.002	   0.987	   0.012
     273	E	   0.002	   0.994	   0.006
     274	S	   0.002	   0.994	   0.005
     275	L	   0.002	   0.989	    0.01
     276	F	   0.002	   0.967	   0.031
     277	K	   0.002	   0.902	   0.096
     278	N	   0.007	   0.605	   0.389
     279	K	   0.008	   0.062	    0.93
     280	E	   0.013	   0.009	   0.979
     281	L	     0.1	   0.015	   0.885
     282	H	   0.024	   0.018	   0.959
     283	P	   0.006	   0.754	    0.24
     284	M	   0.002	   0.925	   0.073
     285	D	   0.006	   0.915	   0.079
     286	L	   0.002	   0.973	   0.026
     287	K	   0.002	   0.982	   0.018
     288	N	   0.002	   0.995	   0.006
     289	A	   0.002	   0.992	   0.007
     290	V	   0.002	   0.991	   0.008
     291	A	   0.002	   0.993	   0.007
     292	E	   0.002	   0.993	   0.006
     293	E	   0.002	   0.993	   0.006
     294	L	   0.002	   0.991	   0.009
     295	I	   0.002	   0.987	   0.012
     296	K	   0.002	    0.98	   0.019
     297	I	   0.002	   0.969	    0.03
     298	L	   0.002	   0.919	   0.079
     299	E	   0.002	   0.937	   0.061
     300	P	   0.007	   0.911	   0.081
     301	I	   0.012	   0.891	   0.098
     302	R	   0.012	    0.87	   0.117
     303	K	   0.008	   0.873	   0.119
     304	R	   0.011	   0.811	   0.178
     305	L	   0.012	   0.521	   0.468
     306	L	   0.002	   0.007	   0.993
